0 8 8 1.000000
1 8 8 1.000000
2 8 8 1.000000
3 9 9 1.000000
4 9 9 1.000000
5 1 1 1.000000
6 4 4 1.000000
7 3 7 0.000000
8 9 9 1.000000
9 9 9 1.000000
10 9 9 1.000000
11 0 0 1.000000
12 2 2 1.000000
13 0 0 1.000000
14 5 5 1.000000
15 9 9 1.000000
16 3 3 1.000000
17 7 7 1.000000
18 0 0 1.000000
19 4 4 1.000000
20 6 6 1.000000
21 8 8 1.000000
22 7 7 1.000000
23 6 6 1.000000
24 6 6 1.000000
25 0 0 1.000000
26 4 4 1.000000
27 0 0 1.000000
28 4 4 1.000000
29 1 1 1.000000
30 9 9 1.000000
31 3 3 1.000000
32 5 5 1.000000
33 4 4 1.000000
34 4 4 1.000000
35 1 1 1.000000
36 1 1 1.000000
37 0 0 1.000000
38 9 9 1.000000
39 7 7 1.000000
40 8 8 1.000000
41 9 3 0.000000
42 5 5 1.000000
43 6 6 1.000000
44 0 0 1.000000
45 8 8 1.000000
46 2 2 1.000000
47 8 8 1.000000
48 7 7 1.000000
49 8 8 1.000000
50 1 1 1.000000
51 9 9 1.000000
52 5 5 1.000000
53 4 4 1.000000
54 1 1 1.000000
55 2 2 1.000000
56 1 1 1.000000
57 6 6 1.000000
58 0 0 1.000000
59 8 8 1.000000
60 0 0 1.000000
61 8 8 1.000000
62 6 6 1.000000
63 2 2 1.000000
64 9 9 1.000000
65 9 9 1.000000
66 8 8 1.000000
67 0 0 1.000000
68 3 3 1.000000
69 3 3 1.000000
70 8 8 1.000000
71 3 3 1.000000
72 1 1 1.000000
73 1 1 1.000000
74 3 3 1.000000
75 9 9 1.000000
76 5 5 1.000000
77 8 8 1.000000
78 0 0 1.000000
79 8 8 1.000000
80 0 0 1.000000
81 0 0 1.000000
82 9 9 1.000000
83 1 1 1.000000
84 5 5 1.000000
85 1 1 1.000000
86 2 2 1.000000
87 0 0 1.000000
88 8 8 1.000000
89 0 0 1.000000
90 9 9 1.000000
91 7 7 1.000000
92 3 3 1.000000
93 8 8 1.000000
94 2 2 1.000000
95 9 9 1.000000
96 0 0 1.000000
97 8 8 1.000000
98 4 4 1.000000
99 7 7 1.000000
100 6 6 1.000000
101 7 7 1.000000
102 4 4 1.000000
103 1 1 1.000000
104 7 7 1.000000
105 9 9 1.000000
106 5 5 1.000000
107 1 1 1.000000
108 3 3 1.000000
109 1 1 1.000000
110 1 1 1.000000
111 3 3 1.000000
112 7 7 1.000000
113 7 7 1.000000
114 7 7 1.000000
115 7 7 1.000000
116 5 5 1.000000
117 3 3 1.000000
118 8 8 1.000000
119 1 1 1.000000
120 6 6 1.000000
121 6 6 1.000000
122 5 5 1.000000
123 3 3 1.000000
124 0 0 1.000000
125 2 2 1.000000
126 5 5 1.000000
127 4 4 1.000000
128 0 0 1.000000
129 7 7 1.000000
130 4 4 1.000000
131 3 3 1.000000
132 8 8 1.000000
133 1 1 1.000000
134 4 4 1.000000
135 7 7 1.000000
136 4 4 1.000000
137 0 0 1.000000
138 5 5 1.000000
139 2 2 1.000000
140 0 0 1.000000
141 3 3 1.000000
142 2 2 1.000000
143 0 0 1.000000
144 8 8 1.000000
145 2 2 1.000000
146 2 2 1.000000
147 1 1 1.000000
148 4 4 1.000000
149 4 4 1.000000
150 0 0 1.000000
151 7 7 1.000000
152 1 1 1.000000
153 6 6 1.000000
154 2 2 1.000000
155 8 8 1.000000
156 2 2 1.000000
157 4 4 1.000000
158 5 5 1.000000
159 1 1 1.000000
160 5 5 1.000000
161 5 5 1.000000
162 9 9 1.000000
163 0 0 1.000000
164 2 2 1.000000
165 4 4 1.000000
166 1 1 1.000000
167 3 3 1.000000
168 0 0 1.000000
169 9 9 1.000000
170 9 9 1.000000
171 2 2 1.000000
172 6 6 1.000000
173 6 6 1.000000
174 8 8 1.000000
175 5 5 1.000000
176 3 3 1.000000
177 1 1 1.000000
178 5 5 1.000000
179 0 0 1.000000
180 9 9 1.000000
181 1 1 1.000000
182 6 6 1.000000
183 0 0 1.000000
184 2 2 1.000000
185 8 8 1.000000
186 6 6 1.000000
187 0 0 1.000000
188 6 6 1.000000
189 4 4 1.000000
190 2 2 1.000000
191 5 5 1.000000
192 1 1 1.000000
193 8 8 1.000000
194 2 2 1.000000
195 5 5 1.000000
196 0 0 1.000000
197 3 3 1.000000
198 0 0 1.000000
199 6 6 1.000000
200 5 5 1.000000
201 7 7 1.000000
202 1 1 1.000000
203 6 6 1.000000
204 2 2 1.000000
205 9 9 1.000000
206 8 8 1.000000
207 1 1 1.000000
208 0 0 1.000000
209 7 7 1.000000
210 1 1 1.000000
211 8 8 1.000000
212 6 6 1.000000
213 3 3 1.000000
214 2 2 1.000000
215 2 2 1.000000
216 7 7 1.000000
217 8 8 1.000000
218 5 5 1.000000
219 4 4 1.000000
220 4 4 1.000000
221 9 9 1.000000
222 8 8 1.000000
223 8 8 1.000000
224 1 1 1.000000
225 5 5 1.000000
226 0 0 1.000000
227 2 2 1.000000
228 2 2 1.000000
229 7 7 1.000000
230 7 7 1.000000
231 9 9 1.000000
232 0 0 1.000000
233 6 6 1.000000
234 2 2 1.000000
235 3 3 1.000000
236 6 6 1.000000
237 6 6 1.000000
238 5 4 0.000000
239 6 6 1.000000
240 7 7 1.000000
241 0 0 1.000000
242 9 9 1.000000
243 1 9 0.000000
244 3 3 1.000000
245 6 6 1.000000
246 6 6 1.000000
247 8 8 1.000000
248 5 5 1.000000
249 2 2 1.000000
250 1 1 1.000000
251 3 3 1.000000
252 8 8 1.000000
253 2 2 1.000000
254 5 5 1.000000
255 0 0 1.000000
256 2 2 1.000000
257 6 6 1.000000
258 4 4 1.000000
259 7 7 1.000000
260 4 4 1.000000
261 8 8 1.000000
262 4 4 1.000000
263 6 6 1.000000
264 9 9 1.000000
265 0 0 1.000000
266 9 9 1.000000
267 6 0 0.000000
268 2 2 1.000000
269 0 0 1.000000
270 8 8 1.000000
271 4 4 1.000000
272 1 1 1.000000
273 6 6 1.000000
274 7 7 1.000000
275 1 1 1.000000
276 8 8 1.000000
277 1 1 1.000000
278 2 2 1.000000
279 9 9 1.000000
280 1 1 1.000000
281 7 7 1.000000
282 2 2 1.000000
283 2 2 1.000000
284 0 0 1.000000
285 0 0 1.000000
286 7 7 1.000000
287 8 8 1.000000
288 3 3 1.000000
289 1 1 1.000000
290 3 3 1.000000
291 7 7 1.000000
292 0 0 1.000000
293 2 2 1.000000
294 3 3 1.000000
295 8 8 1.000000
296 8 8 1.000000
297 5 5 1.000000
298 1 1 1.000000
299 3 3 1.000000
300 5 5 1.000000
301 5 5 1.000000
302 6 6 1.000000
303 0 0 1.000000
304 4 4 1.000000
305 4 4 1.000000
306 7 7 1.000000
307 6 6 1.000000
308 9 9 1.000000
309 4 4 1.000000
310 6 6 1.000000
311 6 6 1.000000
312 3 3 1.000000
313 8 8 1.000000
314 7 7 1.000000
315 8 8 1.000000
316 4 4 1.000000
317 9 9 1.000000
318 8 8 1.000000
319 7 7 1.000000
320 3 3 1.000000
321 0 0 1.000000
322 7 7 1.000000
323 5 5 1.000000
324 5 5 1.000000
325 7 7 1.000000
326 7 7 1.000000
327 5 5 1.000000
328 8 8 1.000000
329 6 6 1.000000
330 3 3 1.000000
331 4 4 1.000000
332 7 7 1.000000
333 2 2 1.000000
334 8 8 1.000000
335 6 6 1.000000
336 5 5 1.000000
337 9 9 1.000000
338 7 7 1.000000
339 7 7 1.000000
340 5 5 1.000000
341 4 4 1.000000
342 0 0 1.000000
343 8 8 1.000000
344 1 1 1.000000
345 9 9 1.000000
346 7 7 1.000000
347 4 4 1.000000
348 3 3 1.000000
349 8 8 1.000000
350 4 4 1.000000
351 2 2 1.000000
352 5 5 1.000000
353 5 5 1.000000
354 2 2 1.000000
355 5 5 1.000000
356 4 4 1.000000
357 1 1 1.000000
358 9 9 1.000000
359 8 8 1.000000
360 3 3 1.000000
361 2 2 1.000000
362 2 2 1.000000
363 1 1 1.000000
364 9 9 1.000000
365 7 7 1.000000
366 7 7 1.000000
367 7 7 1.000000
368 6 6 1.000000
369 0 0 1.000000
370 4 4 1.000000
371 0 0 1.000000
372 1 1 1.000000
373 7 7 1.000000
374 2 2 1.000000
375 8 8 1.000000
376 4 4 1.000000
377 8 8 1.000000
378 8 8 1.000000
379 9 9 1.000000
380 7 7 1.000000
381 1 1 1.000000
382 5 5 1.000000
383 7 7 1.000000
384 1 1 1.000000
385 6 6 1.000000
386 6 6 1.000000
387 0 0 1.000000
388 1 1 1.000000
389 4 4 1.000000
390 0 0 1.000000
391 7 7 1.000000
392 1 1 1.000000
393 9 9 1.000000
394 1 1 1.000000
395 7 7 1.000000
396 6 6 1.000000
397 6 6 1.000000
398 6 6 1.000000
399 7 7 1.000000
400 6 6 1.000000
401 0 0 1.000000
402 1 3 0.000000
403 5 5 1.000000
404 4 4 1.000000
405 3 3 1.000000
406 9 9 1.000000
407 7 7 1.000000
408 7 7 1.000000
409 3 3 1.000000
410 2 2 1.000000
411 3 5 0.000000
412 1 1 1.000000
413 7 7 1.000000
414 5 5 1.000000
415 9 9 1.000000
416 0 0 1.000000
417 2 2 1.000000
418 4 4 1.000000
419 9 9 1.000000
420 7 7 1.000000
421 4 4 1.000000
422 8 8 1.000000
423 3 3 1.000000
424 8 8 1.000000
425 9 9 1.000000
426 0 0 1.000000
427 6 6 1.000000
428 5 5 1.000000
429 0 0 1.000000
430 0 0 1.000000
431 5 5 1.000000
432 7 7 1.000000
433 9 9 1.000000
434 8 8 1.000000
435 5 5 1.000000
436 2 2 1.000000
437 8 8 1.000000
438 8 8 1.000000
439 0 0 1.000000
440 5 4 0.000000
441 3 5 0.000000
442 3 3 1.000000
443 6 6 1.000000
444 2 2 1.000000
445 7 7 1.000000
446 1 1 1.000000
447 9 9 1.000000
448 7 7 1.000000
449 6 6 1.000000
450 5 5 1.000000
451 8 8 1.000000
452 3 3 1.000000
453 0 0 1.000000
454 1 1 1.000000
455 4 4 1.000000
456 0 0 1.000000
457 6 6 1.000000
458 4 4 1.000000
459 9 9 1.000000
460 0 0 1.000000
461 3 3 1.000000
462 1 3 0.000000
463 6 6 1.000000
464 2 2 1.000000
465 6 6 1.000000
466 9 9 1.000000
467 0 0 1.000000
468 6 6 1.000000
469 8 8 1.000000
470 2 2 1.000000
471 7 7 1.000000
472 4 4 1.000000
473 5 5 1.000000
474 6 6 1.000000
475 8 8 1.000000
476 4 4 1.000000
477 4 4 1.000000
478 1 1 1.000000
479 3 3 1.000000
480 6 6 1.000000
481 1 1 1.000000
482 7 7 1.000000
483 4 4 1.000000
484 3 3 1.000000
485 4 4 1.000000
486 8 8 1.000000
487 7 7 1.000000
488 3 3 1.000000
489 5 9 0.000000
490 7 1 0.000000
491 5 5 1.000000
492 5 5 1.000000
493 6 6 1.000000
494 3 3 1.000000
495 2 2 1.000000
496 3 3 1.000000
497 1 1 1.000000
498 5 5 1.000000
499 6 6 1.000000
500 5 5 1.000000
501 9 9 1.000000
502 3 3 1.000000
503 1 1 1.000000
504 4 4 1.000000
505 6 6 1.000000
506 1 1 1.000000
507 8 8 1.000000
508 9 9 1.000000
509 0 0 1.000000
510 7 7 1.000000
511 1 1 1.000000
512 9 9 1.000000
513 6 6 1.000000
514 8 8 1.000000
515 2 2 1.000000
516 7 7 1.000000
517 0 0 1.000000
518 9 9 1.000000
519 5 5 1.000000
520 0 0 1.000000
521 0 0 1.000000
522 9 9 1.000000
523 4 4 1.000000
524 7 7 1.000000
525 6 6 1.000000
526 0 0 1.000000
527 9 9 1.000000
528 7 7 1.000000
529 6 0 0.000000
530 7 7 1.000000
531 2 2 1.000000
532 2 2 1.000000
533 5 5 1.000000
534 7 7 1.000000
535 1 1 1.000000
536 5 5 1.000000
537 0 0 1.000000
538 0 0 1.000000
539 9 9 1.000000
540 7 7 1.000000
541 7 7 1.000000
542 5 5 1.000000
543 4 4 1.000000
544 9 9 1.000000
545 6 6 1.000000
546 7 7 1.000000
547 3 3 1.000000
548 0 0 1.000000
549 9 4 0.000000
550 6 6 1.000000
551 0 0 1.000000
552 4 4 1.000000
553 0 0 1.000000
554 6 6 1.000000
555 9 9 1.000000
556 2 2 1.000000
557 7 7 1.000000
558 0 0 1.000000
559 4 4 1.000000
560 4 4 1.000000
561 6 6 1.000000
562 0 0 1.000000
563 7 7 1.000000
564 9 9 1.000000
565 8 8 1.000000
566 4 4 1.000000
567 4 4 1.000000
568 1 1 1.000000
569 9 9 1.000000
570 3 3 1.000000
571 0 0 1.000000
572 4 4 1.000000
573 2 2 1.000000
574 1 1 1.000000
575 3 3 1.000000
576 3 3 1.000000
577 2 2 1.000000
578 4 4 1.000000
579 5 5 1.000000
580 2 2 1.000000
581 7 7 1.000000
582 9 9 1.000000
583 5 5 1.000000
584 0 0 1.000000
585 4 4 1.000000
586 0 0 1.000000
587 8 8 1.000000
588 2 2 1.000000
589 2 2 1.000000
590 3 3 1.000000
591 9 9 1.000000
592 4 4 1.000000
593 8 8 1.000000
594 9 9 1.000000
595 0 0 1.000000
596 7 7 1.000000
597 5 5 1.000000
598 8 8 1.000000
599 4 4 1.000000
600 0 0 1.000000
601 7 7 1.000000
602 8 8 1.000000
603 5 4 0.000000
604 2 2 1.000000
605 3 3 1.000000
606 3 3 1.000000
607 9 9 1.000000
608 4 4 1.000000
609 6 6 1.000000
610 6 6 1.000000
611 6 6 1.000000
612 7 7 1.000000
613 8 8 1.000000
614 0 0 1.000000
615 7 7 1.000000
616 2 2 1.000000
617 1 1 1.000000
618 0 0 1.000000
619 9 9 1.000000
620 8 8 1.000000
621 9 9 1.000000
622 8 8 1.000000
623 0 0 1.000000
624 2 2 1.000000
625 6 6 1.000000
626 8 8 1.000000
627 6 6 1.000000
628 1 1 1.000000
629 7 7 1.000000
630 1 1 1.000000
631 0 0 1.000000
632 9 9 1.000000
633 0 0 1.000000
634 2 2 1.000000
635 8 8 1.000000
636 0 0 1.000000
637 2 2 1.000000
638 7 7 1.000000
639 6 6 1.000000
640 8 8 1.000000
641 4 4 1.000000
642 1 1 1.000000
643 3 3 1.000000
644 7 7 1.000000
645 7 7 1.000000
646 4 4 1.000000
647 7 7 1.000000
648 3 3 1.000000
649 7 7 1.000000
650 5 5 1.000000
651 6 6 1.000000
652 0 0 1.000000
653 2 2 1.000000
654 5 5 1.000000
655 5 9 0.000000
656 4 4 1.000000
657 2 2 1.000000
658 8 8 1.000000
659 7 7 1.000000
660 8 8 1.000000
661 1 1 1.000000
662 6 6 1.000000
663 5 5 1.000000
664 0 0 1.000000
665 0 0 1.000000
666 6 6 1.000000
667 7 7 1.000000
668 6 6 1.000000
669 8 8 1.000000
670 7 7 1.000000
671 2 2 1.000000
672 8 8 1.000000
673 8 8 1.000000
674 6 6 1.000000
675 7 7 1.000000
676 0 0 1.000000
677 2 2 1.000000
678 5 5 1.000000
679 8 8 1.000000
680 1 1 1.000000
681 3 3 1.000000
682 7 7 1.000000
683 7 7 1.000000
684 5 4 0.000000
685 7 7 1.000000
686 7 7 1.000000
687 7 7 1.000000
688 2 2 1.000000
689 7 7 1.000000
690 3 3 1.000000
691 2 2 1.000000
692 1 1 1.000000
693 7 7 1.000000
694 8 8 1.000000
695 4 4 1.000000
696 1 1 1.000000
697 3 3 1.000000
698 1 1 1.000000
699 3 3 1.000000
700 7 7 1.000000
701 5 5 1.000000
702 1 1 1.000000
703 4 4 1.000000
704 5 5 1.000000
705 0 0 1.000000
706 1 1 1.000000
707 1 1 1.000000
708 5 5 1.000000
709 7 7 1.000000
710 0 0 1.000000
711 5 5 1.000000
712 5 5 1.000000
713 2 2 1.000000
714 5 5 1.000000
715 2 2 1.000000
716 4 4 1.000000
717 9 9 1.000000
718 8 8 1.000000
719 3 3 1.000000
720 9 9 1.000000
721 0 0 1.000000
722 9 9 1.000000
723 4 4 1.000000
724 9 9 1.000000
725 1 1 1.000000
726 0 0 1.000000
727 2 2 1.000000
728 6 6 1.000000
729 5 5 1.000000
730 8 8 1.000000
731 7 7 1.000000
732 2 2 1.000000
733 9 9 1.000000
734 1 1 1.000000
735 1 1 1.000000
736 2 2 1.000000
737 0 0 1.000000
738 7 7 1.000000
739 6 6 1.000000
740 6 6 1.000000
741 4 4 1.000000
742 9 9 1.000000
743 7 7 1.000000
744 0 0 1.000000
745 8 8 1.000000
746 4 4 1.000000
747 5 5 1.000000
748 7 7 1.000000
749 5 5 1.000000
750 6 6 1.000000
751 2 2 1.000000
752 9 9 1.000000
753 6 6 1.000000
754 1 1 1.000000
755 4 4 1.000000
756 3 3 1.000000
757 7 7 1.000000
758 1 1 1.000000
759 4 4 1.000000
760 5 5 1.000000
761 6 6 1.000000
762 7 7 1.000000
763 8 8 1.000000
764 1 1 1.000000
765 8 8 1.000000
766 3 3 1.000000
767 5 5 1.000000
768 5 8 0.000000
769 3 3 1.000000
770 6 6 1.000000
771 5 5 1.000000
772 0 0 1.000000
773 1 1 1.000000
774 1 1 1.000000
775 2 1 0.000000
776 6 6 1.000000
777 6 6 1.000000
778 5 5 1.000000
779 5 5 1.000000
780 6 6 1.000000
781 0 0 1.000000
782 8 8 1.000000
783 2 2 1.000000
784 4 4 1.000000
785 7 7 1.000000
786 5 5 1.000000
787 3 3 1.000000
788 0 0 1.000000
789 7 7 1.000000
790 6 6 1.000000
791 6 6 1.000000
792 6 6 1.000000
793 6 6 1.000000
794 8 8 1.000000
795 8 8 1.000000
796 1 1 1.000000
797 2 2 1.000000
798 8 8 1.000000
799 5 5 1.000000
800 9 9 1.000000
801 9 9 1.000000
802 6 6 1.000000
803 8 8 1.000000
804 4 4 1.000000
805 4 4 1.000000
806 4 4 1.000000
807 5 5 1.000000
808 3 3 1.000000
809 5 5 1.000000
810 7 7 1.000000
811 6 6 1.000000
812 5 5 1.000000
813 3 3 1.000000
814 4 4 1.000000
815 5 5 1.000000
816 8 8 1.000000
817 3 3 1.000000
818 9 9 1.000000
819 8 8 1.000000
820 2 2 1.000000
821 5 5 1.000000
822 1 1 1.000000
823 0 0 1.000000
824 9 9 1.000000
825 1 1 1.000000
826 5 5 1.000000
827 2 2 1.000000
828 5 5 1.000000
829 9 9 1.000000
830 7 7 1.000000
831 1 1 1.000000
832 2 2 1.000000
833 1 1 1.000000
834 6 6 1.000000
835 7 7 1.000000
836 0 0 1.000000
837 5 5 1.000000
838 2 2 1.000000
839 6 6 1.000000
840 0 0 1.000000
841 8 8 1.000000
842 7 7 1.000000
843 5 5 1.000000
844 5 5 1.000000
845 7 7 1.000000
846 3 3 1.000000
847 9 9 1.000000
848 9 9 1.000000
849 1 1 1.000000
850 9 9 1.000000
851 2 2 1.000000
852 3 3 1.000000
853 0 0 1.000000
854 5 5 1.000000
855 0 0 1.000000
856 0 0 1.000000
857 7 7 1.000000
858 2 2 1.000000
859 3 3 1.000000
860 1 1 1.000000
861 6 6 1.000000
862 6 6 1.000000
863 6 6 1.000000
864 1 1 1.000000
865 0 0 1.000000
866 7 7 1.000000
867 1 1 1.000000
868 5 5 1.000000
869 4 4 1.000000
870 3 3 1.000000
871 9 9 1.000000
872 3 3 1.000000
873 5 5 1.000000
874 9 9 1.000000
875 4 4 1.000000
876 8 8 1.000000
877 2 2 1.000000
878 2 2 1.000000
879 2 2 1.000000
880 9 9 1.000000
881 5 5 1.000000
882 7 7 1.000000
883 5 5 1.000000
884 5 5 1.000000
885 0 0 1.000000
886 2 2 1.000000
887 9 9 1.000000
888 4 4 1.000000
889 2 2 1.000000
890 8 8 1.000000
891 8 8 1.000000
892 1 7 0.000000
893 0 0 1.000000
894 8 8 1.000000
895 1 1 1.000000
896 1 1 1.000000
897 3 3 1.000000
898 9 9 1.000000
899 2 2 1.000000
900 0 0 1.000000
901 4 4 1.000000
902 4 4 1.000000
903 3 3 1.000000
904 1 1 1.000000
905 8 8 1.000000
906 5 5 1.000000
907 4 4 1.000000
908 5 5 1.000000
909 2 2 1.000000
910 8 8 1.000000
911 3 3 1.000000
912 8 8 1.000000
913 2 2 1.000000
914 3 3 1.000000
915 1 1 1.000000
916 3 3 1.000000
917 1 1 1.000000
918 0 0 1.000000
919 4 4 1.000000
920 8 8 1.000000
921 8 8 1.000000
922 0 0 1.000000
923 6 6 1.000000
924 0 0 1.000000
925 8 8 1.000000
926 0 0 1.000000
927 3 3 1.000000
928 3 3 1.000000
929 4 4 1.000000
930 4 4 1.000000
931 0 0 1.000000
932 6 6 1.000000
933 2 2 1.000000
934 3 3 1.000000
935 1 1 1.000000
936 3 3 1.000000
937 3 3 1.000000
938 1 1 1.000000
939 2 2 1.000000
940 5 5 1.000000
941 9 9 1.000000
942 1 1 1.000000
943 1 1 1.000000
944 4 4 1.000000
945 2 1 0.000000
946 8 8 1.000000
947 9 9 1.000000
948 4 4 1.000000
949 1 1 1.000000
950 8 8 1.000000
951 4 4 1.000000
952 1 1 1.000000
953 7 7 1.000000
954 0 0 1.000000
955 3 3 1.000000
956 1 1 1.000000
957 6 6 1.000000
958 5 5 1.000000
959 8 8 1.000000
960 2 2 1.000000
961 4 4 1.000000
962 4 4 1.000000
963 9 9 1.000000
964 6 6 1.000000
965 7 7 1.000000
966 8 8 1.000000
967 2 2 1.000000
968 2 2 1.000000
969 9 9 1.000000
970 2 2 1.000000
971 2 2 1.000000
972 8 8 1.000000
973 2 2 1.000000
974 9 9 1.000000
975 1 1 1.000000
976 7 5 0.000000
977 8 8 1.000000
978 1 1 1.000000
979 8 8 1.000000
980 8 8 1.000000
981 3 3 1.000000
982 0 0 1.000000
983 6 6 1.000000
984 6 6 1.000000
985 5 5 1.000000
986 0 0 1.000000
987 2 2 1.000000
988 3 3 1.000000
989 6 6 1.000000
990 1 1 1.000000
991 9 9 1.000000
992 0 0 1.000000
993 6 6 1.000000
994 5 5 1.000000
995 5 5 1.000000
996 3 3 1.000000
997 4 4 1.000000
998 1 1 1.000000
999 4 4 1.000000
1000 9 9 1.000000
1001 2 2 1.000000
1002 6 6 1.000000
1003 6 6 1.000000
1004 3 3 1.000000
1005 5 5 1.000000
1006 1 1 1.000000
1007 8 8 1.000000
1008 0 0 1.000000
1009 2 2 1.000000
1010 2 2 1.000000
1011 9 9 1.000000
1012 9 9 1.000000
1013 3 3 1.000000
1014 3 3 1.000000
1015 3 3 1.000000
1016 0 0 1.000000
1017 1 1 1.000000
1018 1 1 1.000000
1019 0 0 1.000000
1020 5 5 1.000000
1021 0 0 1.000000
1022 8 8 1.000000
1023 5 5 1.000000
1024 4 4 1.000000
1025 1 1 1.000000
1026 7 7 1.000000
1027 5 5 1.000000
1028 5 5 1.000000
1029 3 3 1.000000
1030 3 3 1.000000
1031 2 2 1.000000
1032 6 6 1.000000
1033 5 5 1.000000
1034 7 7 1.000000
1035 8 8 1.000000
1036 7 7 1.000000
1037 2 2 1.000000
1038 6 6 1.000000
1039 1 1 1.000000
1040 5 5 1.000000
1041 0 0 1.000000
1042 6 6 1.000000
1043 6 6 1.000000
1044 4 4 1.000000
1045 2 2 1.000000
1046 2 2 1.000000
1047 3 3 1.000000
1048 9 9 1.000000
1049 4 4 1.000000
1050 2 2 1.000000
1051 9 9 1.000000
1052 7 7 1.000000
1053 2 2 1.000000
1054 0 0 1.000000
1055 2 2 1.000000
1056 1 1 1.000000
1057 4 4 1.000000
1058 5 5 1.000000
1059 5 5 1.000000
1060 3 3 1.000000
1061 7 7 1.000000
1062 3 3 1.000000
1063 0 0 1.000000
1064 4 4 1.000000
1065 0 0 1.000000
1066 0 0 1.000000
1067 3 3 1.000000
1068 4 4 1.000000
1069 8 8 1.000000
1070 7 7 1.000000
1071 1 1 1.000000
1072 0 0 1.000000
1073 0 0 1.000000
1074 9 9 1.000000
1075 8 8 1.000000
1076 9 9 1.000000
1077 1 1 1.000000
1078 7 7 1.000000
1079 3 3 1.000000
1080 5 5 1.000000
1081 1 1 1.000000
1082 6 6 1.000000
1083 0 0 1.000000
1084 5 5 1.000000
1085 5 5 1.000000
1086 8 8 1.000000
1087 7 7 1.000000
1088 9 9 1.000000
1089 5 5 1.000000
1090 7 7 1.000000
1091 2 2 1.000000
1092 8 8 1.000000
1093 9 9 1.000000
1094 6 6 1.000000
1095 4 4 1.000000
1096 7 7 1.000000
1097 1 1 1.000000
1098 2 2 1.000000
1099 7 7 1.000000
1100 2 2 1.000000
1101 7 7 1.000000
1102 6 6 1.000000
1103 2 2 1.000000
1104 8 8 1.000000
1105 3 3 1.000000
1106 1 1 1.000000
1107 0 0 1.000000
1108 2 2 1.000000
1109 1 1 1.000000
1110 9 9 1.000000
1111 5 5 1.000000
1112 0 0 1.000000
1113 9 9 1.000000
1114 1 1 1.000000
1115 6 6 1.000000
1116 8 8 1.000000
1117 1 1 1.000000
1118 2 2 1.000000
1119 4 4 1.000000
1120 1 1 1.000000
1121 4 4 1.000000
1122 6 6 1.000000
1123 4 1 0.000000
1124 8 8 1.000000
1125 7 7 1.000000
1126 9 9 1.000000
1127 2 2 1.000000
1128 7 7 1.000000
1129 8 8 1.000000
1130 5 9 0.000000
1131 3 3 1.000000
1132 3 3 1.000000
1133 2 2 1.000000
1134 8 8 1.000000
1135 9 9 1.000000
1136 3 3 1.000000
1137 9 9 1.000000
1138 5 5 1.000000
1139 8 8 1.000000
1140 4 4 1.000000
1141 4 4 1.000000
1142 7 7 1.000000
1143 3 3 1.000000
1144 6 6 1.000000
1145 5 5 1.000000
1146 7 7 1.000000
1147 2 2 1.000000
1148 7 7 1.000000
1149 8 8 1.000000
1150 9 9 1.000000
1151 7 7 1.000000
1152 8 8 1.000000
1153 0 0 1.000000
1154 8 8 1.000000
1155 6 6 1.000000
1156 4 4 1.000000
1157 1 1 1.000000
1158 6 6 1.000000
1159 0 0 1.000000
1160 4 4 1.000000
1161 4 4 1.000000
1162 3 3 1.000000
1163 3 3 1.000000
1164 1 1 1.000000
1165 3 3 1.000000
1166 2 2 1.000000
1167 8 8 1.000000
1168 8 8 1.000000
1169 6 6 1.000000
1170 5 5 1.000000
1171 5 5 1.000000
1172 2 2 1.000000
1173 4 4 1.000000
1174 1 1 1.000000
1175 0 0 1.000000
1176 9 9 1.000000
1177 6 6 1.000000
1178 2 2 1.000000
1179 7 7 1.000000
1180 2 2 1.000000
1181 2 2 1.000000
1182 2 2 1.000000
1183 2 2 1.000000
1184 7 7 1.000000
1185 6 6 1.000000
1186 9 9 1.000000
1187 0 0 1.000000
1188 2 2 1.000000
1189 3 3 1.000000
1190 2 2 1.000000
1191 6 6 1.000000
1192 2 7 0.000000
1193 3 3 1.000000
1194 7 7 1.000000
1195 2 2 1.000000
1196 8 8 1.000000
1197 3 3 1.000000
1198 4 4 1.000000
1199 8 8 1.000000
1200 6 6 1.000000
1201 5 5 1.000000
1202 7 7 1.000000
1203 1 1 1.000000
1204 1 1 1.000000
1205 4 4 1.000000
1206 8 8 1.000000
1207 9 9 1.000000
1208 7 7 1.000000
1209 2 2 1.000000
1210 0 0 1.000000
1211 5 5 1.000000
1212 4 4 1.000000
1213 6 6 1.000000
1214 2 2 1.000000
1215 4 4 1.000000
1216 9 9 1.000000
1217 1 1 1.000000
1218 4 4 1.000000
1219 4 4 1.000000
1220 8 8 1.000000
1221 2 2 1.000000
1222 7 7 1.000000
1223 0 0 1.000000
1224 7 7 1.000000
1225 6 6 1.000000
1226 2 2 1.000000
1227 3 3 1.000000
1228 4 4 1.000000
1229 1 1 1.000000
1230 3 3 1.000000
1231 3 3 1.000000
1232 4 4 1.000000
1233 1 1 1.000000
1234 0 0 1.000000
1235 5 5 1.000000
1236 2 2 1.000000
1237 5 5 1.000000
1238 6 6 1.000000
1239 5 5 1.000000
1240 2 2 1.000000
1241 2 1 0.000000
1242 2 2 1.000000
1243 2 2 1.000000
1244 8 8 1.000000
1245 0 0 1.000000
1246 2 2 1.000000
1247 8 8 1.000000
1248 0 0 1.000000
1249 0 0 1.000000
1250 9 9 1.000000
1251 6 6 1.000000
1252 1 1 1.000000
1253 0 0 1.000000
1254 6 6 1.000000
1255 2 1 0.000000
1256 7 7 1.000000
1257 2 2 1.000000
1258 9 9 1.000000
1259 1 2 0.000000
1260 9 9 1.000000
1261 7 7 1.000000
1262 2 2 1.000000
1263 4 4 1.000000
1264 6 6 1.000000
1265 9 9 1.000000
1266 1 1 1.000000
1267 3 3 1.000000
1268 3 3 1.000000
1269 5 5 1.000000
1270 2 2 1.000000
1271 8 8 1.000000
1272 5 5 1.000000
1273 0 0 1.000000
1274 5 5 1.000000
1275 3 3 1.000000
1276 7 7 1.000000
1277 1 1 1.000000
1278 3 3 1.000000
1279 3 3 1.000000
1280 3 3 1.000000
1281 7 7 1.000000
1282 3 3 1.000000
1283 0 0 1.000000
1284 6 6 1.000000
1285 2 2 1.000000
1286 0 0 1.000000
1287 6 6 1.000000
1288 0 0 1.000000
1289 7 7 1.000000
1290 6 6 1.000000
1291 3 3 1.000000
1292 1 1 1.000000
1293 8 8 1.000000
1294 1 1 1.000000
1295 4 4 1.000000
1296 8 8 1.000000
1297 7 7 1.000000
1298 8 8 1.000000
1299 7 7 1.000000
1300 9 5 0.000000
1301 6 6 1.000000
1302 7 7 1.000000
1303 7 7 1.000000
1304 7 7 1.000000
1305 6 6 1.000000
1306 7 7 1.000000
1307 9 9 1.000000
1308 8 8 1.000000
1309 3 3 1.000000
1310 0 0 1.000000
1311 2 2 1.000000
1312 4 4 1.000000
1313 3 3 1.000000
1314 8 8 1.000000
1315 7 7 1.000000
1316 8 8 1.000000
1317 6 0 0.000000
1318 7 7 1.000000
1319 5 5 1.000000
1320 8 8 1.000000
1321 0 0 1.000000
1322 9 9 1.000000
1323 1 1 1.000000
1324 0 0 1.000000
1325 5 5 1.000000
1326 3 3 1.000000
1327 1 1 1.000000
1328 1 1 1.000000
1329 2 2 1.000000
1330 7 7 1.000000
1331 6 6 1.000000
1332 5 5 1.000000
1333 0 0 1.000000
1334 9 9 1.000000
1335 4 4 1.000000
1336 1 1 1.000000
1337 7 7 1.000000
1338 5 5 1.000000
1339 5 5 1.000000
1340 5 5 1.000000
1341 2 2 1.000000
1342 2 2 1.000000
1343 3 3 1.000000
1344 4 4 1.000000
1345 4 4 1.000000
1346 1 1 1.000000
1347 4 4 1.000000
1348 8 8 1.000000
1349 6 6 1.000000
1350 7 7 1.000000
1351 9 9 1.000000
1352 5 5 1.000000
1353 3 3 1.000000
1354 9 9 1.000000
1355 7 7 1.000000
1356 2 2 1.000000
1357 8 8 1.000000
1358 4 4 1.000000
1359 9 9 1.000000
1360 0 0 1.000000
1361 2 2 1.000000
1362 0 0 1.000000
1363 5 5 1.000000
1364 1 1 1.000000
1365 1 7 0.000000
1366 4 4 1.000000
1367 1 1 1.000000
1368 3 3 1.000000
1369 0 0 1.000000
1370 4 4 1.000000
1371 7 7 1.000000
1372 3 3 1.000000
1373 1 1 1.000000
1374 0 0 1.000000
1375 1 1 1.000000
1376 7 7 1.000000
1377 9 9 1.000000
1378 9 9 1.000000
1379 6 6 1.000000
1380 7 7 1.000000
1381 6 6 1.000000
1382 7 7 1.000000
1383 8 8 1.000000
1384 1 1 1.000000
1385 2 2 1.000000
1386 0 0 1.000000
1387 4 4 1.000000
1388 9 9 1.000000
1389 7 7 1.000000
1390 9 9 1.000000
1391 7 7 1.000000
1392 0 0 1.000000
1393 5 5 1.000000
1394 8 8 1.000000
1395 6 6 1.000000
1396 2 2 1.000000
1397 8 8 1.000000
1398 4 4 1.000000
1399 7 7 1.000000
1400 7 7 1.000000
1401 4 4 1.000000
1402 3 3 1.000000
1403 0 0 1.000000
1404 2 2 1.000000
1405 2 2 1.000000
1406 8 8 1.000000
1407 1 1 1.000000
1408 3 3 1.000000
1409 8 8 1.000000
1410 5 5 1.000000
1411 6 6 1.000000
1412 8 8 1.000000
1413 1 1 1.000000
1414 9 9 1.000000
1415 2 2 1.000000
1416 5 5 1.000000
1417 4 4 1.000000
1418 9 9 1.000000
1419 3 3 1.000000
1420 8 8 1.000000
1421 0 0 1.000000
1422 5 5 1.000000
1423 6 6 1.000000
1424 0 0 1.000000
1425 1 1 1.000000
1426 4 4 1.000000
1427 7 7 1.000000
1428 1 1 1.000000
1429 5 5 1.000000
1430 5 9 0.000000
1431 2 2 1.000000
1432 0 0 1.000000
1433 8 8 1.000000
1434 3 3 1.000000
1435 0 0 1.000000
1436 4 4 1.000000
1437 0 0 1.000000
1438 7 7 1.000000
1439 8 8 1.000000
1440 6 6 1.000000
1441 8 8 1.000000
1442 5 5 1.000000
1443 2 2 1.000000
1444 3 3 1.000000
1445 0 0 1.000000
1446 0 0 1.000000
1447 0 0 1.000000
1448 1 1 1.000000
1449 9 9 1.000000
1450 9 9 1.000000
1451 2 2 1.000000
1452 4 4 1.000000
1453 7 7 1.000000
1454 8 8 1.000000
1455 3 3 1.000000
1456 3 3 1.000000
1457 0 0 1.000000
1458 0 0 1.000000
1459 2 2 1.000000
1460 4 4 1.000000
1461 9 9 1.000000
1462 9 9 1.000000
1463 3 3 1.000000
1464 1 1 1.000000
1465 8 8 1.000000
1466 1 1 1.000000
1467 0 0 1.000000
1468 9 9 1.000000
1469 6 6 1.000000
1470 1 1 1.000000
1471 2 2 1.000000
1472 1 1 1.000000
1473 7 7 1.000000
1474 1 1 1.000000
1475 2 2 1.000000
1476 9 9 1.000000
1477 9 9 1.000000
1478 8 8 1.000000
1479 4 4 1.000000
1480 6 6 1.000000
1481 0 0 1.000000
1482 4 4 1.000000
1483 9 9 1.000000
1484 1 1 1.000000
1485 4 4 1.000000
1486 4 4 1.000000
1487 5 5 1.000000
1488 8 8 1.000000
1489 2 2 1.000000
1490 2 2 1.000000
1491 6 6 1.000000
1492 7 7 1.000000
1493 8 8 1.000000
1494 2 2 1.000000
1495 0 0 1.000000
1496 0 0 1.000000
1497 0 0 1.000000
1498 3 3 1.000000
1499 1 1 1.000000
1500 5 5 1.000000
1501 6 6 1.000000
1502 8 8 1.000000
1503 7 7 1.000000
1504 4 4 1.000000
1505 7 7 1.000000
1506 3 3 1.000000
1507 9 9 1.000000
1508 7 7 1.000000
1509 4 4 1.000000
1510 1 1 1.000000
1511 8 8 1.000000
1512 4 4 1.000000
1513 7 7 1.000000
1514 4 4 1.000000
1515 9 9 1.000000
1516 9 9 1.000000
1517 3 3 1.000000
1518 0 0 1.000000
1519 7 7 1.000000
1520 7 7 1.000000
1521 8 8 1.000000
1522 7 7 1.000000
1523 3 3 1.000000
1524 2 2 1.000000
1525 0 0 1.000000
1526 5 5 1.000000
1527 5 5 1.000000
1528 8 8 1.000000
1529 2 2 1.000000
1530 4 4 1.000000
1531 7 7 1.000000
1532 3 3 1.000000
1533 6 6 1.000000
1534 9 9 1.000000
1535 1 1 1.000000
1536 6 6 1.000000
1537 3 3 1.000000
1538 6 6 1.000000
1539 2 2 1.000000
1540 5 5 1.000000
1541 9 9 1.000000
1542 9 9 1.000000
1543 9 9 1.000000
1544 9 9 1.000000
1545 5 5 1.000000
1546 7 7 1.000000
1547 2 2 1.000000
1548 7 7 1.000000
1549 6 6 1.000000
1550 9 9 1.000000
1551 4 4 1.000000
1552 0 0 1.000000
1553 4 4 1.000000
1554 3 3 1.000000
1555 8 8 1.000000
1556 1 1 1.000000
1557 9 9 1.000000
1558 5 5 1.000000
1559 5 5 1.000000
1560 3 3 1.000000
1561 8 8 1.000000
1562 3 3 1.000000
1563 1 1 1.000000
1564 6 6 1.000000
1565 5 5 1.000000
1566 6 6 1.000000
1567 7 7 1.000000
1568 7 7 1.000000
1569 3 3 1.000000
1570 2 2 1.000000
1571 4 4 1.000000
1572 4 4 1.000000
1573 5 5 1.000000
1574 1 1 1.000000
1575 2 2 1.000000
1576 4 4 1.000000
1577 7 7 1.000000
1578 3 3 1.000000
1579 5 5 1.000000
1580 5 5 1.000000
1581 9 9 1.000000
1582 6 6 1.000000
1583 6 6 1.000000
1584 9 9 1.000000
1585 2 2 1.000000
1586 8 8 1.000000
1587 5 5 1.000000
1588 5 5 1.000000
1589 5 5 1.000000
1590 0 0 1.000000
1591 2 2 1.000000
1592 3 3 1.000000
1593 5 5 1.000000
1594 1 1 1.000000
1595 1 1 1.000000
1596 0 0 1.000000
1597 2 2 1.000000
1598 3 3 1.000000
1599 8 8 1.000000
1600 4 4 1.000000
1601 3 3 1.000000
1602 0 0 1.000000
1603 5 5 1.000000
1604 0 0 1.000000
1605 1 1 1.000000
1606 4 4 1.000000
1607 2 2 1.000000
1608 7 9 0.000000
1609 3 3 1.000000
1610 1 1 1.000000
1611 6 6 1.000000
1612 4 4 1.000000
1613 1 1 1.000000
1614 1 1 1.000000
1615 6 6 1.000000
1616 3 3 1.000000
1617 5 5 1.000000
1618 5 5 1.000000
1619 4 4 1.000000
1620 1 1 1.000000
1621 5 5 1.000000
1622 4 4 1.000000
1623 6 6 1.000000
1624 4 4 1.000000
1625 6 6 1.000000
1626 5 5 1.000000
1627 8 8 1.000000
1628 2 2 1.000000
1629 2 2 1.000000
1630 0 0 1.000000
1631 0 0 1.000000
1632 7 7 1.000000
1633 1 1 1.000000
1634 1 1 1.000000
1635 6 6 1.000000
1636 1 1 1.000000
1637 3 3 1.000000
1638 9 9 1.000000
1639 8 8 1.000000
1640 2 1 0.000000
1641 6 6 1.000000
1642 7 7 1.000000
1643 7 7 1.000000
1644 3 3 1.000000
1645 4 4 1.000000
1646 7 7 1.000000
1647 7 7 1.000000
1648 6 6 1.000000
1649 2 2 1.000000
1650 7 7 1.000000
1651 0 0 1.000000
1652 2 2 1.000000
1653 0 0 1.000000
1654 5 5 1.000000
1655 1 1 1.000000
1656 6 6 1.000000
1657 8 8 1.000000
1658 3 3 1.000000
1659 1 1 1.000000
1660 5 5 1.000000
1661 3 3 1.000000
1662 3 3 1.000000
1663 2 2 1.000000
1664 6 6 1.000000
1665 6 6 1.000000
1666 9 9 1.000000
1667 2 1 0.000000
1668 1 1 1.000000
1669 6 6 1.000000
1670 0 0 1.000000
1671 1 1 1.000000
1672 4 4 1.000000
1673 6 6 1.000000
1674 2 2 1.000000
1675 7 7 1.000000
1676 4 4 1.000000
1677 5 5 1.000000
1678 2 2 1.000000
1679 4 4 1.000000
1680 9 9 1.000000
1681 4 4 1.000000
1682 7 7 1.000000
1683 7 7 1.000000
1684 9 9 1.000000
1685 0 0 1.000000
1686 9 9 1.000000
1687 6 6 1.000000
1688 6 6 1.000000
1689 8 8 1.000000
1690 7 7 1.000000
1691 8 8 1.000000
1692 8 8 1.000000
1693 6 6 1.000000
1694 4 4 1.000000
1695 2 2 1.000000
1696 4 4 1.000000
1697 9 9 1.000000
1698 8 8 1.000000
1699 2 2 1.000000
1700 4 4 1.000000
1701 3 3 1.000000
1702 0 0 1.000000
1703 5 5 1.000000
1704 3 3 1.000000
1705 2 2 1.000000
1706 2 2 1.000000
1707 0 0 1.000000
1708 1 1 1.000000
1709 2 2 1.000000
1710 1 1 1.000000
1711 1 1 1.000000
1712 1 1 1.000000
1713 7 7 1.000000
1714 1 9 0.000000
1715 4 4 1.000000
1716 4 4 1.000000
1717 0 0 1.000000
1718 3 3 1.000000
1719 8 8 1.000000
1720 2 2 1.000000
1721 7 7 1.000000
1722 7 7 1.000000
1723 1 1 1.000000
1724 8 8 1.000000
1725 9 9 1.000000
1726 4 4 1.000000
1727 2 2 1.000000
1728 1 1 1.000000
1729 6 6 1.000000
1730 8 8 1.000000
1731 0 0 1.000000
1732 3 3 1.000000
1733 1 1 1.000000
1734 9 9 1.000000
1735 1 7 0.000000
1736 6 6 1.000000
1737 5 5 1.000000
1738 5 5 1.000000
1739 2 2 1.000000
1740 2 2 1.000000
1741 4 4 1.000000
1742 6 6 1.000000
1743 9 9 1.000000
1744 0 0 1.000000
1745 0 0 1.000000
1746 1 1 1.000000
1747 4 4 1.000000
1748 4 4 1.000000
1749 8 8 1.000000
1750 9 9 1.000000
1751 3 3 1.000000
1752 2 2 1.000000
1753 0 0 1.000000
1754 8 8 1.000000
1755 4 4 1.000000
1756 3 3 1.000000
1757 6 6 1.000000
1758 4 4 1.000000
1759 6 6 1.000000
1760 4 4 1.000000
1761 4 4 1.000000
1762 9 9 1.000000
1763 5 5 1.000000
1764 1 1 1.000000
1765 3 3 1.000000
1766 3 3 1.000000
1767 0 0 1.000000
1768 7 7 1.000000
1769 7 7 1.000000
1770 5 5 1.000000
1771 9 9 1.000000
1772 1 1 1.000000
1773 8 8 1.000000
1774 2 2 1.000000
1775 2 2 1.000000
1776 0 0 1.000000
1777 8 8 1.000000
1778 1 1 1.000000
1779 9 9 1.000000
1780 1 1 1.000000
1781 4 4 1.000000
1782 5 5 1.000000
1783 0 0 1.000000
1784 6 6 1.000000
1785 7 7 1.000000
1786 5 5 1.000000
1787 4 4 1.000000
1788 3 3 1.000000
1789 9 9 1.000000
1790 8 8 1.000000
1791 1 1 1.000000
1792 3 3 1.000000
1793 1 1 1.000000
1794 6 6 1.000000
1795 7 7 1.000000
1796 6 6 1.000000
1797 7 7 1.000000
1798 7 7 1.000000
1799 4 4 1.000000
1800 0 0 1.000000
1801 6 6 1.000000
1802 6 6 1.000000
1803 5 5 1.000000
1804 7 7 1.000000
1805 4 4 1.000000
1806 7 7 1.000000
1807 5 5 1.000000
1808 7 7 1.000000
1809 1 1 1.000000
1810 8 8 1.000000
1811 6 6 1.000000
1812 0 0 1.000000
1813 4 4 1.000000
1814 2 2 1.000000
1815 3 3 1.000000
1816 1 1 1.000000
1817 2 1 0.000000
1818 2 2 1.000000
1819 4 4 1.000000
1820 9 9 1.000000
1821 0 0 1.000000
1822 8 8 1.000000
1823 0 0 1.000000
1824 6 6 1.000000
1825 1 1 1.000000
1826 0 0 1.000000
1827 2 2 1.000000
1828 5 5 1.000000
1829 5 5 1.000000
1830 4 4 1.000000
1831 8 8 1.000000
1832 7 7 1.000000
1833 5 5 1.000000
1834 5 5 1.000000
1835 2 2 1.000000
1836 0 0 1.000000
1837 0 0 1.000000
1838 4 4 1.000000
1839 3 3 1.000000
1840 6 6 1.000000
1841 0 0 1.000000
1842 4 4 1.000000
1843 8 8 1.000000
1844 9 9 1.000000
1845 7 7 1.000000
1846 3 3 1.000000
1847 0 0 1.000000
1848 8 8 1.000000
1849 1 1 1.000000
1850 1 1 1.000000
1851 8 8 1.000000
1852 3 3 1.000000
1853 5 5 1.000000
1854 1 1 1.000000
1855 8 8 1.000000
1856 2 2 1.000000
1857 7 7 1.000000
1858 0 0 1.000000
1859 4 4 1.000000
1860 1 1 1.000000
1861 3 3 1.000000
1862 9 9 1.000000
1863 3 3 1.000000
1864 3 3 1.000000
1865 7 7 1.000000
1866 7 7 1.000000
1867 6 6 1.000000
1868 6 6 1.000000
1869 3 3 1.000000
1870 7 7 1.000000
1871 5 5 1.000000
1872 8 8 1.000000
1873 4 4 1.000000
1874 4 4 1.000000
1875 9 9 1.000000
1876 1 1 1.000000
1877 4 4 1.000000
1878 6 6 1.000000
1879 5 5 1.000000
1880 8 8 1.000000
1881 2 2 1.000000
1882 6 6 1.000000
1883 5 5 1.000000
1884 9 9 1.000000
1885 1 1 1.000000
1886 5 5 1.000000
1887 7 7 1.000000
1888 1 1 1.000000
1889 6 6 1.000000
1890 9 9 1.000000
1891 4 4 1.000000
1892 4 4 1.000000
1893 0 0 1.000000
1894 9 9 1.000000
1895 2 2 1.000000
1896 5 5 1.000000
1897 6 6 1.000000
1898 7 7 1.000000
1899 0 0 1.000000
1900 8 0 0.000000
1901 3 3 1.000000
1902 4 4 1.000000
1903 5 5 1.000000
1904 9 0 0.000000
1905 1 1 1.000000
1906 6 6 1.000000
1907 3 3 1.000000
1908 2 2 1.000000
1909 3 3 1.000000
1910 8 8 1.000000
1911 8 8 1.000000
1912 0 0 1.000000
1913 5 5 1.000000
1914 3 3 1.000000
1915 5 5 1.000000
1916 4 4 1.000000
1917 6 6 1.000000
1918 7 7 1.000000
1919 9 9 1.000000
1920 1 1 1.000000
1921 2 1 0.000000
1922 8 8 1.000000
1923 2 2 1.000000
1924 4 4 1.000000
1925 5 5 1.000000
1926 0 0 1.000000
1927 1 1 1.000000
1928 3 3 1.000000
1929 6 6 1.000000
1930 2 2 1.000000
1931 2 2 1.000000
1932 7 7 1.000000
1933 4 4 1.000000
1934 1 1 1.000000
1935 2 2 1.000000
1936 6 6 1.000000
1937 3 3 1.000000
1938 2 2 1.000000
1939 3 3 1.000000
1940 7 7 1.000000
1941 8 8 1.000000
1942 8 8 1.000000
1943 4 4 1.000000
1944 7 7 1.000000
1945 6 6 1.000000
1946 2 1 0.000000
1947 4 4 1.000000
1948 0 0 1.000000
1949 6 0 0.000000
1950 1 1 1.000000
1951 0 0 1.000000
1952 2 2 1.000000
1953 3 3 1.000000
1954 7 7 1.000000
1955 3 3 1.000000
1956 9 9 1.000000
1957 9 9 1.000000
1958 1 1 1.000000
1959 3 3 1.000000
1960 3 3 1.000000
1961 2 2 1.000000
1962 6 6 1.000000
1963 8 0 0.000000
1964 2 2 1.000000
1965 4 4 1.000000
1966 1 1 1.000000
1967 0 0 1.000000
1968 8 8 1.000000
1969 5 5 1.000000
1970 4 4 1.000000
1971 5 5 1.000000
1972 4 4 1.000000
1973 4 4 1.000000
1974 5 5 1.000000
1975 9 9 1.000000
1976 4 4 1.000000
1977 0 0 1.000000
1978 4 4 1.000000
1979 5 5 1.000000
1980 9 9 1.000000
1981 0 0 1.000000
1982 6 6 1.000000
1983 5 5 1.000000
1984 6 6 1.000000
1985 8 8 1.000000
1986 0 0 1.000000
1987 6 6 1.000000
1988 7 7 1.000000
1989 6 6 1.000000
1990 0 0 1.000000
1991 6 6 1.000000
1992 7 7 1.000000
1993 8 8 1.000000
1994 4 4 1.000000
1995 5 5 1.000000
1996 9 9 1.000000
1997 4 4 1.000000
1998 6 6 1.000000
1999 0 0 1.000000
2000 6 6 1.000000
2001 9 9 1.000000
2002 9 9 1.000000
2003 5 5 1.000000
2004 9 9 1.000000
2005 2 2 1.000000
2006 7 7 1.000000
2007 9 9 1.000000
2008 2 2 1.000000
2009 8 8 1.000000
2010 2 2 1.000000
2011 5 5 1.000000
2012 1 1 1.000000
2013 6 6 1.000000
2014 3 5 0.000000
2015 2 2 1.000000
2016 9 9 1.000000
2017 2 2 1.000000
2018 0 0 1.000000
2019 8 8 1.000000
2020 9 9 1.000000
2021 0 0 1.000000
2022 5 5 1.000000
2023 3 3 1.000000
2024 2 2 1.000000
2025 3 3 1.000000
2026 2 2 1.000000
2027 2 2 1.000000
2028 0 0 1.000000
2029 3 3 1.000000
2030 5 5 1.000000
2031 1 1 1.000000
2032 0 0 1.000000
2033 5 5 1.000000
2034 4 4 1.000000
2035 8 8 1.000000
2036 2 2 1.000000
2037 1 1 1.000000
2038 3 3 1.000000
2039 9 9 1.000000
2040 4 4 1.000000
2041 0 0 1.000000
2042 7 7 1.000000
2043 1 1 1.000000
2044 7 7 1.000000
2045 9 9 1.000000
2046 9 9 1.000000
2047 4 4 1.000000
2048 8 8 1.000000
2049 6 6 1.000000
2050 5 5 1.000000
2051 5 5 1.000000
2052 6 6 1.000000
2053 3 3 1.000000
2054 9 9 1.000000
2055 7 7 1.000000
2056 0 0 1.000000
2057 2 2 1.000000
2058 3 3 1.000000
2059 4 4 1.000000
2060 3 3 1.000000
2061 0 0 1.000000
2062 4 4 1.000000
2063 1 1 1.000000
2064 6 6 1.000000
2065 8 8 1.000000
2066 6 6 1.000000
2067 6 6 1.000000
2068 3 3 1.000000
2069 6 6 1.000000
2070 0 0 1.000000
2071 5 5 1.000000
2072 9 9 1.000000
2073 6 6 1.000000
2074 3 3 1.000000
2075 7 7 1.000000
2076 9 9 1.000000
2077 3 3 1.000000
2078 5 5 1.000000
2079 8 8 1.000000
2080 2 2 1.000000
2081 4 4 1.000000
2082 6 6 1.000000
2083 3 3 1.000000
2084 6 6 1.000000
2085 5 5 1.000000
2086 4 4 1.000000
2087 7 7 1.000000
2088 1 1 1.000000
2089 9 9 1.000000
2090 3 3 1.000000
2091 6 6 1.000000
2092 4 4 1.000000
2093 7 7 1.000000
2094 4 4 1.000000
2095 8 8 1.000000
2096 0 0 1.000000
2097 4 4 1.000000
2098 9 9 1.000000
2099 5 5 1.000000
2100 5 5 1.000000
2101 9 9 1.000000
2102 5 5 1.000000
2103 6 6 1.000000
2104 0 0 1.000000
2105 3 3 1.000000
2106 1 1 1.000000
2107 4 4 1.000000
2108 4 4 1.000000
2109 1 1 1.000000
2110 9 9 1.000000
2111 2 2 1.000000
2112 1 7 0.000000
2113 5 5 1.000000
2114 5 5 1.000000
2115 6 6 1.000000
2116 7 7 1.000000
2117 7 7 1.000000
2118 5 5 1.000000
2119 8 8 1.000000
2120 7 7 1.000000
2121 7 7 1.000000
2122 3 3 1.000000
2123 7 7 1.000000
2124 4 4 1.000000
2125 9 9 1.000000
2126 4 4 1.000000
2127 7 7 1.000000
2128 8 8 1.000000
2129 5 5 1.000000
2130 1 1 1.000000
2131 3 3 1.000000
2132 5 5 1.000000
2133 3 3 1.000000
2134 3 3 1.000000
2135 0 0 1.000000
2136 6 6 1.000000
2137 2 2 1.000000
2138 4 4 1.000000
2139 4 4 1.000000
2140 5 5 1.000000
2141 4 4 1.000000
2142 0 0 1.000000
2143 9 9 1.000000
2144 1 1 1.000000
2145 3 3 1.000000
2146 5 5 1.000000
2147 8 8 1.000000
2148 0 0 1.000000
2149 3 3 1.000000
2150 4 4 1.000000
2151 5 5 1.000000
2152 2 2 1.000000
2153 1 1 1.000000
2154 2 2 1.000000
2155 5 5 1.000000
2156 6 6 1.000000
2157 8 8 1.000000
2158 7 7 1.000000
2159 3 3 1.000000
2160 0 0 1.000000
2161 1 1 1.000000
2162 8 8 1.000000
2163 2 2 1.000000
2164 7 7 1.000000
2165 2 2 1.000000
2166 7 7 1.000000
2167 4 4 1.000000
2168 7 7 1.000000
2169 4 4 1.000000
2170 4 4 1.000000
2171 6 6 1.000000
2172 4 4 1.000000
2173 2 2 1.000000
2174 7 7 1.000000
2175 8 9 0.000000
2176 3 5 0.000000
2177 0 0 1.000000
2178 3 3 1.000000
2179 7 7 1.000000
2180 2 2 1.000000
2181 0 0 1.000000
2182 8 8 1.000000
2183 3 3 1.000000
2184 6 0 0.000000
2185 9 9 1.000000
2186 4 4 1.000000
2187 7 7 1.000000
2188 9 9 1.000000
2189 8 8 1.000000
2190 5 5 1.000000
2191 6 6 1.000000
2192 5 5 1.000000
2193 9 9 1.000000
2194 0 0 1.000000
2195 4 4 1.000000
2196 8 8 1.000000
2197 1 1 1.000000
2198 7 7 1.000000
2199 7 7 1.000000
2200 2 2 1.000000
2201 4 4 1.000000
2202 1 1 1.000000
2203 4 4 1.000000
2204 3 3 1.000000
2205 4 4 1.000000
2206 9 9 1.000000
2207 4 4 1.000000
2208 6 6 1.000000
2209 0 0 1.000000
2210 6 6 1.000000
2211 2 2 1.000000
2212 7 7 1.000000
2213 1 1 1.000000
2214 2 2 1.000000
2215 3 3 1.000000
2216 4 4 1.000000
2217 4 4 1.000000
2218 9 9 1.000000
2219 1 1 1.000000
2220 1 1 1.000000
2221 0 0 1.000000
2222 9 9 1.000000
2223 2 2 1.000000
2224 0 0 1.000000
2225 3 3 1.000000
2226 6 6 1.000000
2227 1 1 1.000000
2228 1 1 1.000000
2229 8 8 1.000000
2230 9 9 1.000000
2231 1 1 1.000000
2232 1 1 1.000000
2233 6 6 1.000000
2234 6 6 1.000000
2235 8 8 1.000000
2236 0 0 1.000000
2237 9 9 1.000000
2238 8 8 1.000000
2239 1 1 1.000000
2240 1 1 1.000000
2241 1 1 1.000000
2242 3 3 1.000000
2243 6 6 1.000000
2244 2 2 1.000000
2245 6 6 1.000000
2246 9 9 1.000000
2247 1 1 1.000000
2248 8 8 1.000000
2249 0 0 1.000000
2250 5 5 1.000000
2251 0 0 1.000000
2252 2 2 1.000000
2253 0 0 1.000000
2254 8 8 1.000000
2255 6 6 1.000000
2256 1 1 1.000000
2257 1 1 1.000000
2258 1 7 0.000000
2259 3 3 1.000000
2260 6 6 1.000000
2261 8 8 1.000000
2262 0 0 1.000000
2263 3 3 1.000000
2264 5 5 1.000000
2265 9 9 1.000000
2266 8 8 1.000000
2267 2 2 1.000000
2268 5 5 1.000000
2269 0 0 1.000000
2270 3 3 1.000000
2271 1 1 1.000000
2272 7 7 1.000000
2273 5 5 1.000000
2274 5 5 1.000000
2275 9 9 1.000000
2276 9 9 1.000000
2277 5 5 1.000000
2278 9 9 1.000000
2279 8 8 1.000000
2280 0 0 1.000000
2281 2 2 1.000000
2282 9 9 1.000000
2283 4 4 1.000000
2284 1 1 1.000000
2285 7 7 1.000000
2286 0 0 1.000000
2287 7 7 1.000000
2288 0 0 1.000000
2289 3 3 1.000000
2290 2 2 1.000000
2291 6 6 1.000000
2292 6 6 1.000000
2293 7 7 1.000000
2294 8 8 1.000000
2295 9 9 1.000000
2296 6 6 1.000000
2297 8 8 1.000000
2298 2 2 1.000000
2299 6 6 1.000000
2300 6 6 1.000000
2301 0 0 1.000000
2302 2 2 1.000000
2303 2 2 1.000000
2304 0 0 1.000000
2305 5 5 1.000000
2306 2 2 1.000000
2307 1 1 1.000000
2308 9 9 1.000000
2309 2 2 1.000000
2310 8 8 1.000000
2311 5 5 1.000000
2312 9 9 1.000000
2313 1 1 1.000000
2314 3 3 1.000000
2315 6 6 1.000000
2316 8 8 1.000000
2317 3 3 1.000000
2318 3 3 1.000000
2319 1 1 1.000000
2320 2 2 1.000000
2321 4 4 1.000000
2322 9 9 1.000000
2323 8 8 1.000000
2324 4 4 1.000000
2325 8 8 1.000000
2326 3 3 1.000000
2327 9 9 1.000000
2328 1 1 1.000000
2329 0 0 1.000000
2330 1 1 1.000000
2331 4 4 1.000000
2332 9 9 1.000000
2333 1 1 1.000000
2334 2 2 1.000000
2335 1 1 1.000000
2336 5 5 1.000000
2337 7 7 1.000000
2338 4 4 1.000000
2339 8 8 1.000000
2340 8 8 1.000000
2341 7 7 1.000000
2342 0 0 1.000000
2343 8 8 1.000000
2344 0 0 1.000000
2345 6 6 1.000000
2346 9 9 1.000000
2347 1 1 1.000000
2348 1 7 0.000000
2349 8 8 1.000000
2350 1 1 1.000000
2351 9 9 1.000000
2352 5 5 1.000000
2353 9 9 1.000000
2354 5 5 1.000000
2355 1 1 1.000000
2356 7 7 1.000000
2357 7 7 1.000000
2358 5 5 1.000000
2359 6 6 1.000000
2360 3 3 1.000000
2361 5 5 1.000000
2362 7 7 1.000000
2363 2 2 1.000000
2364 5 5 1.000000
2365 0 0 1.000000
2366 9 9 1.000000
2367 2 2 1.000000
2368 6 6 1.000000
2369 2 2 1.000000
2370 5 5 1.000000
2371 8 8 1.000000
2372 4 4 1.000000
2373 9 9 1.000000
2374 9 9 1.000000
2375 4 4 1.000000
2376 3 3 1.000000
2377 4 4 1.000000
2378 5 5 1.000000
2379 9 9 1.000000
2380 3 3 1.000000
2381 4 4 1.000000
2382 1 1 1.000000
2383 9 9 1.000000
2384 3 3 1.000000
2385 2 2 1.000000
2386 9 9 1.000000
2387 5 5 1.000000
2388 1 1 1.000000
2389 9 9 1.000000
2390 4 4 1.000000
2391 7 7 1.000000
2392 0 0 1.000000
2393 6 6 1.000000
2394 0 0 1.000000
2395 1 1 1.000000
2396 2 2 1.000000
2397 0 0 1.000000
2398 5 5 1.000000
2399 7 7 1.000000
2400 2 2 1.000000
2401 0 0 1.000000
2402 2 2 1.000000
2403 8 8 1.000000
2404 0 0 1.000000
2405 0 0 1.000000
2406 3 3 1.000000
2407 1 1 1.000000
2408 2 2 1.000000
2409 6 6 1.000000
2410 7 7 1.000000
2411 1 1 1.000000
2412 3 3 1.000000
2413 2 2 1.000000
2414 6 6 1.000000
2415 0 0 1.000000
2416 2 2 1.000000
2417 3 3 1.000000
2418 0 0 1.000000
2419 7 7 1.000000
2420 3 3 1.000000
2421 3 3 1.000000
2422 6 6 1.000000
2423 4 4 1.000000
2424 8 8 1.000000
2425 7 7 1.000000
2426 1 1 1.000000
2427 9 9 1.000000
2428 3 3 1.000000
2429 4 4 1.000000
2430 0 0 1.000000
2431 3 3 1.000000
2432 7 7 1.000000
2433 3 3 1.000000
2434 5 4 0.000000
2435 6 6 1.000000
2436 9 9 1.000000
2437 9 9 1.000000
2438 5 5 1.000000
2439 3 3 1.000000
2440 0 0 1.000000
2441 8 8 1.000000
2442 1 1 1.000000
2443 0 0 1.000000
2444 7 7 1.000000
2445 3 3 1.000000
2446 0 0 1.000000
2447 4 4 1.000000
2448 2 2 1.000000
2449 5 5 1.000000
2450 0 0 1.000000
2451 1 1 1.000000
2452 5 5 1.000000
2453 2 2 1.000000
2454 8 8 1.000000
2455 5 5 1.000000
2456 7 7 1.000000
2457 1 1 1.000000
2458 6 6 1.000000
2459 2 2 1.000000
2460 6 6 1.000000
2461 0 0 1.000000
2462 7 7 1.000000
2463 2 2 1.000000
2464 3 3 1.000000
2465 5 5 1.000000
2466 6 6 1.000000
2467 2 2 1.000000
2468 3 3 1.000000
2469 2 2 1.000000
2470 9 9 1.000000
2471 0 0 1.000000
2472 0 0 1.000000
2473 4 4 1.000000
2474 9 9 1.000000
2475 7 7 1.000000
2476 0 0 1.000000
2477 5 5 1.000000
2478 5 4 0.000000
2479 6 6 1.000000
2480 9 9 1.000000
2481 1 1 1.000000
2482 3 3 1.000000
2483 6 6 1.000000
2484 1 1 1.000000
2485 4 4 1.000000
2486 2 2 1.000000
2487 4 4 1.000000
2488 2 2 1.000000
2489 9 9 1.000000
2490 2 2 1.000000
2491 0 0 1.000000
2492 8 8 1.000000
2493 3 3 1.000000
2494 6 6 1.000000
2495 8 8 1.000000
2496 5 5 1.000000
2497 6 6 1.000000
2498 9 9 1.000000
2499 4 4 1.000000
2500 8 8 1.000000
2501 1 1 1.000000
2502 0 0 1.000000
2503 0 0 1.000000
2504 9 9 1.000000
2505 5 5 1.000000
2506 8 8 1.000000
2507 0 0 1.000000
2508 8 8 1.000000
2509 2 2 1.000000
2510 0 0 1.000000
2511 5 5 1.000000
2512 1 1 1.000000
2513 7 7 1.000000
2514 6 6 1.000000
2515 3 3 1.000000
2516 2 2 1.000000
2517 1 1 1.000000
2518 5 5 1.000000
2519 8 8 1.000000
2520 4 4 1.000000
2521 1 1 1.000000
2522 4 4 1.000000
2523 7 7 1.000000
2524 6 6 1.000000
2525 2 2 1.000000
2526 6 6 1.000000
2527 4 4 1.000000
2528 2 2 1.000000
2529 5 5 1.000000
2530 1 1 1.000000
2531 4 4 1.000000
2532 0 0 1.000000
2533 1 7 0.000000
2534 3 9 0.000000
2535 7 7 1.000000
2536 0 0 1.000000
2537 8 8 1.000000
2538 6 6 1.000000
2539 7 7 1.000000
2540 6 6 1.000000
2541 1 1 1.000000
2542 3 3 1.000000
2543 5 5 1.000000
2544 6 6 1.000000
2545 7 7 1.000000
2546 0 0 1.000000
2547 1 1 1.000000
2548 6 6 1.000000
2549 3 3 1.000000
2550 6 6 1.000000
2551 4 4 1.000000
2552 4 4 1.000000
2553 7 7 1.000000
2554 8 8 1.000000
2555 9 9 1.000000
2556 1 1 1.000000
2557 6 6 1.000000
2558 4 4 1.000000
2559 2 2 1.000000
2560 3 3 1.000000
2561 1 1 1.000000
2562 0 0 1.000000
2563 7 7 1.000000
2564 6 6 1.000000
2565 6 6 1.000000
2566 5 5 1.000000
2567 8 8 1.000000
2568 3 3 1.000000
2569 7 7 1.000000
2570 6 6 1.000000
2571 2 2 1.000000
2572 1 1 1.000000
2573 4 4 1.000000
2574 4 4 1.000000
2575 5 5 1.000000
2576 7 7 1.000000
2577 9 9 1.000000
2578 1 1 1.000000
2579 4 4 1.000000
2580 3 3 1.000000
2581 3 3 1.000000
2582 4 4 1.000000
2583 3 3 1.000000
2584 6 6 1.000000
2585 8 8 1.000000
2586 6 6 1.000000
2587 9 9 1.000000
2588 2 2 1.000000
2589 5 5 1.000000
2590 0 0 1.000000
2591 2 2 1.000000
2592 2 2 1.000000
2593 5 5 1.000000
2594 2 2 1.000000
2595 3 3 1.000000
2596 9 9 1.000000
2597 4 4 1.000000
2598 9 9 1.000000
2599 3 3 1.000000
2600 0 0 1.000000
2601 7 7 1.000000
2602 3 3 1.000000
2603 6 6 1.000000
2604 1 1 1.000000
2605 6 6 1.000000
2606 5 5 1.000000
2607 2 2 1.000000
2608 3 3 1.000000
2609 3 3 1.000000
2610 1 1 1.000000
2611 5 5 1.000000
2612 8 8 1.000000
2613 1 1 1.000000
2614 4 4 1.000000
2615 0 0 1.000000
2616 8 8 1.000000
2617 8 8 1.000000
2618 2 2 1.000000
2619 7 7 1.000000
2620 3 3 1.000000
2621 6 6 1.000000
2622 7 7 1.000000
2623 6 6 1.000000
2624 6 6 1.000000
2625 6 6 1.000000
2626 6 6 1.000000
2627 1 1 1.000000
2628 3 3 1.000000
2629 8 8 1.000000
2630 8 8 1.000000
2631 9 9 1.000000
2632 0 0 1.000000
2633 9 5 0.000000
2634 4 4 1.000000
2635 4 4 1.000000
2636 1 1 1.000000
2637 2 2 1.000000
2638 8 8 1.000000
2639 8 8 1.000000
2640 2 2 1.000000
2641 0 0 1.000000
2642 9 9 1.000000
2643 7 7 1.000000
2644 9 9 1.000000
2645 6 6 1.000000
2646 7 7 1.000000
2647 8 8 1.000000
2648 5 5 1.000000
2649 5 5 1.000000
2650 5 5 1.000000
2651 5 5 1.000000
2652 0 0 1.000000
2653 4 4 1.000000
2654 9 9 1.000000
2655 1 1 1.000000
2656 9 9 1.000000
2657 3 3 1.000000
2658 1 1 1.000000
2659 0 0 1.000000
2660 1 1 1.000000
2661 4 4 1.000000
2662 4 4 1.000000
2663 2 2 1.000000
2664 4 4 1.000000
2665 5 5 1.000000
2666 0 0 1.000000
2667 6 6 1.000000
2668 4 4 1.000000
2669 2 2 1.000000
2670 5 5 1.000000
2671 5 5 1.000000
2672 9 9 1.000000
2673 7 7 1.000000
2674 5 5 1.000000
2675 3 3 1.000000
2676 0 0 1.000000
2677 7 7 1.000000
2678 9 9 1.000000
2679 3 5 0.000000
2680 9 9 1.000000
2681 9 9 1.000000
2682 7 7 1.000000
2683 3 3 1.000000
2684 7 7 1.000000
2685 3 3 1.000000
2686 6 6 1.000000
2687 1 1 1.000000
2688 2 2 1.000000
2689 9 9 1.000000
2690 3 7 0.000000
2691 5 5 1.000000
2692 0 0 1.000000
2693 7 7 1.000000
2694 7 7 1.000000
2695 4 4 1.000000
2696 7 7 1.000000
2697 2 2 1.000000
2698 3 3 1.000000
2699 1 7 0.000000
2700 1 1 1.000000
2701 1 7 0.000000
2702 9 9 1.000000
2703 3 7 0.000000
2704 9 9 1.000000
2705 8 8 1.000000
2706 1 1 1.000000
2707 5 5 1.000000
2708 7 7 1.000000
2709 3 3 1.000000
2710 2 2 1.000000
2711 4 4 1.000000
2712 9 9 1.000000
2713 7 7 1.000000
2714 4 4 1.000000
2715 1 1 1.000000
2716 2 2 1.000000
2717 2 2 1.000000
2718 5 5 1.000000
2719 9 9 1.000000
2720 2 2 1.000000
2721 4 4 1.000000
2722 1 1 1.000000
2723 7 7 1.000000
2724 4 4 1.000000
2725 0 0 1.000000
2726 2 2 1.000000
2727 3 3 1.000000
2728 3 3 1.000000
2729 0 0 1.000000
2730 4 4 1.000000
2731 9 9 1.000000
2732 5 5 1.000000
2733 7 7 1.000000
2734 9 9 1.000000
2735 1 1 1.000000
2736 7 7 1.000000
2737 9 9 1.000000
2738 9 9 1.000000
2739 5 5 1.000000
2740 6 6 1.000000
2741 0 0 1.000000
2742 6 6 1.000000
2743 1 1 1.000000
2744 6 6 1.000000
2745 5 5 1.000000
2746 7 7 1.000000
2747 9 9 1.000000
2748 0 0 1.000000
2749 6 6 1.000000
2750 2 2 1.000000
2751 2 2 1.000000
2752 0 0 1.000000
2753 0 0 1.000000
2754 8 8 1.000000
2755 0 0 1.000000
2756 3 3 1.000000
2757 5 5 1.000000
2758 1 1 1.000000
2759 6 6 1.000000
2760 5 5 1.000000
2761 4 4 1.000000
2762 6 6 1.000000
2763 2 2 1.000000
2764 0 0 1.000000
2765 0 0 1.000000
2766 0 0 1.000000
2767 6 6 1.000000
2768 0 0 1.000000
2769 5 5 1.000000
2770 1 1 1.000000
2771 2 2 1.000000
2772 3 3 1.000000
2773 2 2 1.000000
2774 8 8 1.000000
2775 4 4 1.000000
2776 2 2 1.000000
2777 7 7 1.000000
2778 5 5 1.000000
2779 6 6 1.000000
2780 4 4 1.000000
2781 4 4 1.000000
2782 1 1 1.000000
2783 7 7 1.000000
2784 4 4 1.000000
2785 4 4 1.000000
2786 0 0 1.000000
2787 8 8 1.000000
2788 5 5 1.000000
2789 9 9 1.000000
2790 1 1 1.000000
2791 7 7 1.000000
2792 7 7 1.000000
2793 3 3 1.000000
2794 5 5 1.000000
2795 5 5 1.000000
2796 2 2 1.000000
2797 8 8 1.000000
2798 1 1 1.000000
2799 3 3 1.000000
2800 0 0 1.000000
2801 7 7 1.000000
2802 3 3 1.000000
2803 5 5 1.000000
2804 5 5 1.000000
2805 8 7 0.000000
2806 6 6 1.000000
2807 2 2 1.000000
2808 0 0 1.000000
2809 2 2 1.000000
2810 4 4 1.000000
2811 6 6 1.000000
2812 8 8 1.000000
2813 5 5 1.000000
2814 0 0 1.000000
2815 6 6 1.000000
2816 5 5 1.000000
2817 4 4 1.000000
2818 1 1 1.000000
2819 3 3 1.000000
2820 4 4 1.000000
2821 4 4 1.000000
2822 4 4 1.000000
2823 6 6 1.000000
2824 6 6 1.000000
2825 7 7 1.000000
2826 8 8 1.000000
2827 3 3 1.000000
2828 1 1 1.000000
2829 1 1 1.000000
2830 0 0 1.000000
2831 8 8 1.000000
2832 4 4 1.000000
2833 8 8 1.000000
2834 1 1 1.000000
2835 7 7 1.000000
2836 6 6 1.000000
2837 5 5 1.000000
2838 0 0 1.000000
2839 9 9 1.000000
2840 8 8 1.000000
2841 0 0 1.000000
2842 1 1 1.000000
2843 4 4 1.000000
2844 3 3 1.000000
2845 0 0 1.000000
2846 4 4 1.000000
2847 1 1 1.000000
2848 6 6 1.000000
2849 6 6 1.000000
2850 2 2 1.000000
2851 0 0 1.000000
2852 5 5 1.000000
2853 9 9 1.000000
2854 9 9 1.000000
2855 9 9 1.000000
2856 6 6 1.000000
2857 3 3 1.000000
2858 2 2 1.000000
2859 4 4 1.000000
2860 4 4 1.000000
2861 7 7 1.000000
2862 0 0 1.000000
2863 3 3 1.000000
2864 2 2 1.000000
2865 9 9 1.000000
2866 6 6 1.000000
2867 2 2 1.000000
2868 5 5 1.000000
2869 5 5 1.000000
2870 2 2 1.000000
2871 9 9 1.000000
2872 0 0 1.000000
2873 2 2 1.000000
2874 5 5 1.000000
2875 9 9 1.000000
2876 8 8 1.000000
2877 1 1 1.000000
2878 8 8 1.000000
2879 6 6 1.000000
2880 7 7 1.000000
2881 9 9 1.000000
2882 4 4 1.000000
2883 2 2 1.000000
2884 4 4 1.000000
2885 7 9 0.000000
2886 3 3 1.000000
2887 8 8 1.000000
2888 3 3 1.000000
2889 1 1 1.000000
2890 1 1 1.000000
2891 3 3 1.000000
2892 4 4 1.000000
2893 9 9 1.000000
2894 5 5 1.000000
2895 8 8 1.000000
2896 9 9 1.000000
2897 6 6 1.000000
2898 6 6 1.000000
2899 8 8 1.000000
2900 2 2 1.000000
2901 9 9 1.000000
2902 3 3 1.000000
2903 8 8 1.000000
2904 0 0 1.000000
2905 6 0 0.000000
2906 8 8 1.000000
2907 7 7 1.000000
2908 1 1 1.000000
2909 1 1 1.000000
2910 9 9 1.000000
2911 9 9 1.000000
2912 8 8 1.000000
2913 7 7 1.000000
2914 0 0 1.000000
2915 3 3 1.000000
2916 7 7 1.000000
2917 3 3 1.000000
2918 2 2 1.000000
2919 3 3 1.000000
2920 1 1 1.000000
2921 0 0 1.000000
2922 7 7 1.000000
2923 2 1 0.000000
2924 3 3 1.000000
2925 8 8 1.000000
2926 5 5 1.000000
2927 0 0 1.000000
2928 5 5 1.000000
2929 3 3 1.000000
2930 9 9 1.000000
2931 3 3 1.000000
2932 6 6 1.000000
2933 9 9 1.000000
2934 9 9 1.000000
2935 8 8 1.000000
2936 7 7 1.000000
2937 7 7 1.000000
2938 9 9 1.000000
2939 1 1 1.000000
2940 0 0 1.000000
2941 6 6 1.000000
2942 1 7 0.000000
2943 3 3 1.000000
2944 4 4 1.000000
2945 3 3 1.000000
2946 9 9 1.000000
2947 1 1 1.000000
2948 0 0 1.000000
2949 2 2 1.000000
2950 2 2 1.000000
2951 3 3 1.000000
2952 5 5 1.000000
2953 8 8 1.000000
2954 9 9 1.000000
2955 3 3 1.000000
2956 2 2 1.000000
2957 4 4 1.000000
2958 9 9 1.000000
2959 4 4 1.000000
2960 9 9 1.000000
2961 2 2 1.000000
2962 9 9 1.000000
2963 8 8 1.000000
2964 8 8 1.000000
2965 5 5 1.000000
2966 9 9 1.000000
2967 6 6 1.000000
2968 3 3 1.000000
2969 1 1 1.000000
2970 8 8 1.000000
2971 7 7 1.000000
2972 9 9 1.000000
2973 7 7 1.000000
2974 8 8 1.000000
2975 6 6 1.000000
2976 2 2 1.000000
2977 2 2 1.000000
2978 1 1 1.000000
2979 5 5 1.000000
2980 2 2 1.000000
2981 9 9 1.000000
2982 0 0 1.000000
2983 1 1 1.000000
2984 9 9 1.000000
2985 9 9 1.000000
2986 6 6 1.000000
2987 8 8 1.000000
2988 1 1 1.000000
2989 5 5 1.000000
2990 7 7 1.000000
2991 9 9 1.000000
2992 6 6 1.000000
2993 7 7 1.000000
2994 2 2 1.000000
2995 2 2 1.000000
2996 5 5 1.000000
2997 8 8 1.000000
2998 8 8 1.000000
2999 6 6 1.000000
3000 0 0 1.000000
3001 0 0 1.000000
3002 9 9 1.000000
3003 8 8 1.000000
3004 4 4 1.000000
3005 3 3 1.000000
3006 4 4 1.000000
3007 9 9 1.000000
3008 1 1 1.000000
3009 4 4 1.000000
3010 5 5 1.000000
3011 5 5 1.000000
3012 8 8 1.000000
3013 0 0 1.000000
3014 3 3 1.000000
3015 0 0 1.000000
3016 6 6 1.000000
3017 5 5 1.000000
3018 4 4 1.000000
3019 8 8 1.000000
3020 4 4 1.000000
3021 1 1 1.000000
3022 3 3 1.000000
3023 4 4 1.000000
3024 6 6 1.000000
3025 6 6 1.000000
3026 1 1 1.000000
3027 3 3 1.000000
3028 9 9 1.000000
3029 9 9 1.000000
3030 4 4 1.000000
3031 8 8 1.000000
3032 0 0 1.000000
3033 8 8 1.000000
3034 6 6 1.000000
3035 7 7 1.000000
3036 3 9 0.000000
3037 7 7 1.000000
3038 9 9 1.000000
3039 5 5 1.000000
3040 3 3 1.000000
3041 2 2 1.000000
3042 4 4 1.000000
3043 0 0 1.000000
3044 6 6 1.000000
3045 9 9 1.000000
3046 8 8 1.000000
3047 3 3 1.000000
3048 9 5 0.000000
3049 5 5 1.000000
3050 7 7 1.000000
3051 9 9 1.000000
3052 8 8 1.000000
3053 7 7 1.000000
3054 7 7 1.000000
3055 4 4 1.000000
3056 8 8 1.000000
3057 6 6 1.000000
3058 3 3 1.000000
3059 5 5 1.000000
3060 3 3 1.000000
3061 8 8 1.000000
3062 3 3 1.000000
3063 3 3 1.000000
3064 5 5 1.000000
3065 4 4 1.000000
3066 1 1 1.000000
3067 9 9 1.000000
3068 0 0 1.000000
3069 1 1 1.000000
3070 1 1 1.000000
3071 2 2 1.000000
3072 0 0 1.000000
3073 9 9 1.000000
3074 1 1 1.000000
3075 0 0 1.000000
3076 6 6 1.000000
3077 8 8 1.000000
3078 9 9 1.000000
3079 9 9 1.000000
3080 5 5 1.000000
3081 6 6 1.000000
3082 8 8 1.000000
3083 5 5 1.000000
3084 6 6 1.000000
3085 6 6 1.000000
3086 3 3 1.000000
3087 0 0 1.000000
3088 2 2 1.000000
3089 3 3 1.000000
3090 7 7 1.000000
3091 4 4 1.000000
3092 8 8 1.000000
3093 3 3 1.000000
3094 4 4 1.000000
3095 6 6 1.000000
3096 0 0 1.000000
3097 8 8 1.000000
3098 2 2 1.000000
3099 0 0 1.000000
3100 6 6 1.000000
3101 2 2 1.000000
3102 9 9 1.000000
3103 1 1 1.000000
3104 0 0 1.000000
3105 8 8 1.000000
3106 3 3 1.000000
3107 4 4 1.000000
3108 3 3 1.000000
3109 1 1 1.000000
3110 9 9 1.000000
3111 5 5 1.000000
3112 7 7 1.000000
3113 2 2 1.000000
3114 5 5 1.000000
3115 9 9 1.000000
3116 6 6 1.000000
3117 1 1 1.000000
3118 5 5 1.000000
3119 2 2 1.000000
3120 0 0 1.000000
3121 9 9 1.000000
3122 0 0 1.000000
3123 4 4 1.000000
3124 2 2 1.000000
3125 7 7 1.000000
3126 0 0 1.000000
3127 7 7 1.000000
3128 6 6 1.000000
3129 1 1 1.000000
3130 2 2 1.000000
3131 4 4 1.000000
3132 9 9 1.000000
3133 8 8 1.000000
3134 5 9 0.000000
3135 8 8 1.000000
3136 7 7 1.000000
3137 8 8 1.000000
3138 6 6 1.000000
3139 4 4 1.000000
3140 0 0 1.000000
3141 1 1 1.000000
3142 3 3 1.000000
3143 2 2 1.000000
3144 7 7 1.000000
3145 3 3 1.000000
3146 8 8 1.000000
3147 8 8 1.000000
3148 4 4 1.000000
3149 4 4 1.000000
3150 8 8 1.000000
3151 9 9 1.000000
3152 9 9 1.000000
3153 1 1 1.000000
3154 1 1 1.000000
3155 7 7 1.000000
3156 9 9 1.000000
3157 1 1 1.000000
3158 2 2 1.000000
3159 6 6 1.000000
3160 6 6 1.000000
3161 9 9 1.000000
3162 4 4 1.000000
3163 0 0 1.000000
3164 9 9 1.000000
3165 9 9 1.000000
3166 7 7 1.000000
3167 9 9 1.000000
3168 5 5 1.000000
3169 2 2 1.000000
3170 6 6 1.000000
3171 7 7 1.000000
3172 9 5 0.000000
3173 2 1 0.000000
3174 1 1 1.000000
3175 0 0 1.000000
3176 4 4 1.000000
3177 7 7 1.000000
3178 4 4 1.000000
3179 5 5 1.000000
3180 0 0 1.000000
3181 2 2 1.000000
3182 7 7 1.000000
3183 3 3 1.000000
3184 4 4 1.000000
3185 3 3 1.000000
3186 0 0 1.000000
3187 8 8 1.000000
3188 5 5 1.000000
3189 8 8 1.000000
3190 4 4 1.000000
3191 1 1 1.000000
3192 5 5 1.000000
3193 7 7 1.000000
3194 2 2 1.000000
3195 8 8 1.000000
3196 2 2 1.000000
3197 8 8 1.000000
3198 0 0 1.000000
3199 4 4 1.000000
3200 7 7 1.000000
3201 0 0 1.000000
3202 4 4 1.000000
3203 9 9 1.000000
3204 8 8 1.000000
3205 0 0 1.000000
3206 3 3 1.000000
3207 8 8 1.000000
3208 2 1 0.000000
3209 3 3 1.000000
3210 6 6 1.000000
3211 4 4 1.000000
3212 5 5 1.000000
3213 0 0 1.000000
3214 0 0 1.000000
3215 0 0 1.000000
3216 9 9 1.000000
3217 4 4 1.000000
3218 7 7 1.000000
3219 6 6 1.000000
3220 2 2 1.000000
3221 1 1 1.000000
3222 1 1 1.000000
3223 4 4 1.000000
3224 8 8 1.000000
3225 0 0 1.000000
3226 3 3 1.000000
3227 8 8 1.000000
3228 3 3 1.000000
3229 7 7 1.000000
3230 7 7 1.000000
3231 0 0 1.000000
3232 0 0 1.000000
3233 8 8 1.000000
3234 2 2 1.000000
3235 7 7 1.000000
3236 5 5 1.000000
3237 4 4 1.000000
3238 6 6 1.000000
3239 4 4 1.000000
3240 4 4 1.000000
3241 3 3 1.000000
3242 9 9 1.000000
3243 3 3 1.000000
3244 0 0 1.000000
3245 1 1 1.000000
3246 8 8 1.000000
3247 1 1 1.000000
3248 8 8 1.000000
3249 1 1 1.000000
3250 8 8 1.000000
3251 4 4 1.000000
3252 4 4 1.000000
3253 6 6 1.000000
3254 5 5 1.000000
3255 6 6 1.000000
3256 8 8 1.000000
3257 5 5 1.000000
3258 1 1 1.000000
3259 2 2 1.000000
3260 4 4 1.000000
3261 5 5 1.000000
3262 2 2 1.000000
3263 3 3 1.000000
3264 3 3 1.000000
3265 3 3 1.000000
3266 1 1 1.000000
3267 6 6 1.000000
3268 1 1 1.000000
3269 1 1 1.000000
3270 7 7 1.000000
3271 4 4 1.000000
3272 5 5 1.000000
3273 9 9 1.000000
3274 8 8 1.000000
3275 6 6 1.000000
3276 5 4 0.000000
3277 0 0 1.000000
3278 6 6 1.000000
3279 7 7 1.000000
3280 3 3 1.000000
3281 1 1 1.000000
3282 3 3 1.000000
3283 2 2 1.000000
3284 6 6 1.000000
3285 2 2 1.000000
3286 2 2 1.000000
3287 8 8 1.000000
3288 1 1 1.000000
3289 3 3 1.000000
3290 3 3 1.000000
3291 5 5 1.000000
3292 7 7 1.000000
3293 2 2 1.000000
3294 4 4 1.000000
3295 3 3 1.000000
3296 0 0 1.000000
3297 8 8 1.000000
3298 4 4 1.000000
3299 7 7 1.000000
3300 2 2 1.000000
3301 5 5 1.000000
3302 1 2 0.000000
3303 1 1 1.000000
3304 7 7 1.000000
3305 0 0 1.000000
3306 3 3 1.000000
3307 2 2 1.000000
3308 1 1 1.000000
3309 3 3 1.000000
3310 2 2 1.000000
3311 1 1 1.000000
3312 3 3 1.000000
3313 8 8 1.000000
3314 4 4 1.000000
3315 1 1 1.000000
3316 2 2 1.000000
3317 0 0 1.000000
3318 8 8 1.000000
3319 2 2 1.000000
3320 1 1 1.000000
3321 2 2 1.000000
3322 2 2 1.000000
3323 0 0 1.000000
3324 8 8 1.000000
3325 3 3 1.000000
3326 1 1 1.000000
3327 2 2 1.000000
3328 0 0 1.000000
3329 2 2 1.000000
3330 1 1 1.000000
3331 8 8 1.000000
3332 2 2 1.000000
3333 2 2 1.000000
3334 2 2 1.000000
3335 4 4 1.000000
3336 6 6 1.000000
3337 2 2 1.000000
3338 4 4 1.000000
3339 6 6 1.000000
3340 5 5 1.000000
3341 5 5 1.000000
3342 1 1 1.000000
3343 7 7 1.000000
3344 9 9 1.000000
3345 7 7 1.000000
3346 7 7 1.000000
3347 3 3 1.000000
3348 5 5 1.000000
3349 5 5 1.000000
3350 6 7 0.000000
3351 7 9 0.000000
3352 7 7 1.000000
3353 9 9 1.000000
3354 4 4 1.000000
3355 4 4 1.000000
3356 7 7 1.000000
3357 9 9 1.000000
3358 4 4 1.000000
3359 1 1 1.000000
3360 6 6 1.000000
3361 9 9 1.000000
3362 6 6 1.000000
3363 2 2 1.000000
3364 7 7 1.000000
3365 7 7 1.000000
3366 2 2 1.000000
3367 2 2 1.000000
3368 5 4 0.000000
3369 3 3 1.000000
3370 6 6 1.000000
3371 9 9 1.000000
3372 1 1 1.000000
3373 3 3 1.000000
3374 5 5 1.000000
3375 5 5 1.000000
3376 6 6 1.000000
3377 3 3 1.000000
3378 7 7 1.000000
3379 2 2 1.000000
3380 2 2 1.000000
3381 3 9 0.000000
3382 4 4 1.000000
3383 7 7 1.000000
3384 5 5 1.000000
3385 1 1 1.000000
3386 1 1 1.000000
3387 3 3 1.000000
3388 8 8 1.000000
3389 6 6 1.000000
3390 4 4 1.000000
3391 2 2 1.000000
3392 5 5 1.000000
3393 3 3 1.000000
3394 2 2 1.000000
3395 4 4 1.000000
3396 7 7 1.000000
3397 8 8 1.000000
3398 1 1 1.000000
3399 2 2 1.000000
3400 8 8 1.000000
3401 3 3 1.000000
3402 3 3 1.000000
3403 7 7 1.000000
3404 6 6 1.000000
3405 2 2 1.000000
3406 9 9 1.000000
3407 1 1 1.000000
3408 1 1 1.000000
3409 8 8 1.000000
3410 8 8 1.000000
3411 3 3 1.000000
3412 3 3 1.000000
3413 3 3 1.000000
3414 9 9 1.000000
3415 3 3 1.000000
3416 7 7 1.000000
3417 7 7 1.000000
3418 7 7 1.000000
3419 4 4 1.000000
3420 2 1 0.000000
3421 4 4 1.000000
3422 2 2 1.000000
3423 9 9 1.000000
3424 8 8 1.000000
3425 2 2 1.000000
3426 1 1 1.000000
3427 9 9 1.000000
3428 2 2 1.000000
3429 8 8 1.000000
3430 8 8 1.000000
3431 2 2 1.000000
3432 6 6 1.000000
3433 9 9 1.000000
3434 7 7 1.000000
3435 1 1 1.000000
3436 8 8 1.000000
3437 4 4 1.000000
3438 2 2 1.000000
3439 1 1 1.000000
3440 4 4 1.000000
3441 1 1 1.000000
3442 4 4 1.000000
3443 5 5 1.000000
3444 5 5 1.000000
3445 5 5 1.000000
3446 4 4 1.000000
3447 4 4 1.000000
3448 0 0 1.000000
3449 6 6 1.000000
3450 2 2 1.000000
3451 6 6 1.000000
3452 8 8 1.000000
3453 9 9 1.000000
3454 4 4 1.000000
3455 7 7 1.000000
3456 6 6 1.000000
3457 8 8 1.000000
3458 3 3 1.000000
3459 9 9 1.000000
3460 9 9 1.000000
3461 5 5 1.000000
3462 6 6 1.000000
3463 4 4 1.000000
3464 1 1 1.000000
3465 7 7 1.000000
3466 8 8 1.000000
3467 3 3 1.000000
3468 9 9 1.000000
3469 8 8 1.000000
3470 2 2 1.000000
3471 3 3 1.000000
3472 6 6 1.000000
3473 8 8 1.000000
3474 7 7 1.000000
3475 1 1 1.000000
3476 7 7 1.000000
3477 0 0 1.000000
3478 2 2 1.000000
3479 9 9 1.000000
3480 4 4 1.000000
3481 4 4 1.000000
3482 4 4 1.000000
3483 3 3 1.000000
3484 0 0 1.000000
3485 0 0 1.000000
3486 9 9 1.000000
3487 6 6 1.000000
3488 3 3 1.000000
3489 7 7 1.000000
3490 2 2 1.000000
3491 5 5 1.000000
3492 5 5 1.000000
3493 4 4 1.000000
3494 2 2 1.000000
3495 0 0 1.000000
3496 0 0 1.000000
3497 4 4 1.000000
